Résumé des résultats pour : DE_Classique
==========================================

f01 : 6.204940E+10 ± 1.273309E+10
f02 : 7.716016E+31 ± 1.739847E+32
f03 : 1.880964E+05 ± 2.960501E+04
f04 : 8.674512E+02 ± 8.462144E+01
f05 : 7.862904E+02 ± 1.412649E+01
f06 : 6.541499E+02 ± 6.406865E+00
f07 : 1.284192E+03 ± 7.560770E+01
f08 : 1.094390E+03 ± 1.933776E+01
f09 : 6.642794E+03 ± 1.395779E+03
f10 : 8.356648E+03 ± 5.031209E+02
f11 : 1.503372E+03 ± 5.113838E+01
f12 : 6.626929E+08 ± 2.709732E+08
f13 : 4.481218E+06 ± 2.844861E+06
f14 : 1.644687E+03 ± 2.808614E+01
f15 : 3.801319E+03 ± 7.168730E+02
f16 : 3.540678E+03 ± 2.036088E+02
f17 : 2.615350E+03 ± 1.302702E+02
f18 : 5.738920E+05 ± 2.914158E+05
f19 : 5.848037E+04 ± 2.618800E+04
f20 : 2.559280E+03 ± 1.893952E+02
f21 : 2.574572E+03 ± 1.707382E+01
f22 : 9.853628E+03 ± 2.826426E+02
f23 : 2.915392E+03 ± 1.489139E+01
f24 : 3.069423E+03 ± 1.298607E+01
f25 : 3.301370E+03 ± 1.125025E+02
f26 : 6.552963E+03 ± 1.672113E+02
f27 : 3.243679E+03 ± 9.566093E+00
f28 : 3.598480E+03 ± 8.865289E+01
f29 : 4.375417E+03 ± 3.326863E+02
f30 : 8.290933E+05 ± 4.692898E+05
