Résumé des résultats pour : JDE_Simple
========================================

f01 : 4.003435E+04 ± 3.843559E+04
f02 : 2.238983E+23 ± 7.528583E+23
f03 : 9.554454E+04 ± 3.075828E+04
f04 : 4.959826E+02 ± 1.281095E+01
f05 : 6.619470E+02 ± 1.175328E+01
f06 : 6.015996E+02 ± 8.299191E-01
f07 : 8.955797E+02 ± 1.532756E+01
f08 : 9.653821E+02 ± 1.086331E+01
f09 : 9.005909E+02 ± 4.656504E-01
f10 : 7.239139E+03 ± 2.174258E+02
f11 : 1.219892E+03 ± 2.492651E+01
f12 : 2.678410E+06 ± 2.297533E+06
f13 : 4.621503E+04 ± 3.304739E+04
f14 : 1.598571E+03 ± 3.949489E+01
f15 : 3.719100E+03 ± 3.053880E+03
f16 : 2.818276E+03 ± 1.843145E+02
f17 : 2.122191E+03 ± 1.344572E+02
f18 : 7.188217E+04 ± 3.612893E+04
f19 : 6.636476E+03 ± 7.894800E+03
f20 : 2.423124E+03 ± 1.419909E+02
f21 : 2.461687E+03 ± 1.401472E+01
f22 : 5.495951E+03 ± 3.103961E+03
f23 : 2.811473E+03 ± 1.518657E+01
f24 : 2.987086E+03 ± 1.636672E+01
f25 : 2.887533E+03 ± 3.800128E-01
f26 : 5.202382E+03 ± 1.262426E+02
f27 : 3.209444E+03 ± 7.857777E+00
f28 : 3.236053E+03 ± 2.078090E+01
f29 : 3.910970E+03 ± 1.818187E+02
f30 : 2.681236E+04 ± 1.291101E+04
