Résumé des résultats pour : JDE_Adaptee
=========================================

f01 : 5.041647E+03 ± 5.893308E+03
f02 : 4.151670E+16 ± 1.742183E+17
f03 : 3.763834E+04 ± 9.440569E+03
f04 : 4.938635E+02 ± 1.282379E+01
f05 : 5.959648E+02 ± 2.165416E+01
f06 : 6.006126E+02 ± 4.858341E-01
f07 : 8.400089E+02 ± 1.813042E+01
f08 : 8.989061E+02 ± 2.156128E+01
f09 : 9.002782E+02 ± 6.035600E-01
f10 : 5.578947E+03 ± 6.387259E+02
f11 : 1.182466E+03 ± 3.357535E+01
f12 : 3.687267E+05 ± 5.670177E+05
f13 : 1.864550E+04 ± 1.790282E+04
f14 : 1.579175E+03 ± 1.114471E+02
f15 : 3.528342E+03 ± 4.530543E+03
f16 : 2.225169E+03 ± 2.103593E+02
f17 : 1.893702E+03 ± 1.050637E+02
f18 : 6.100074E+04 ± 4.473932E+04
f19 : 5.999595E+03 ± 7.529809E+03
f20 : 2.209228E+03 ± 1.375386E+02
f21 : 2.388826E+03 ± 2.646856E+01
f22 : 4.310369E+03 ± 2.499490E+03
f23 : 2.744088E+03 ± 2.715761E+01
f24 : 2.911442E+03 ± 3.451176E+01
f25 : 2.887390E+03 ± 8.772704E-01
f26 : 4.534392E+03 ± 2.205374E+02
f27 : 3.206939E+03 ± 6.817609E+00
f28 : 3.221559E+03 ± 2.121674E+01
f29 : 3.602765E+03 ± 1.279468E+02
f30 : 1.391782E+04 ± 6.049569E+03
